       N       E                     dE             d eps       ncg     rms          rms(c)
DAV:   1    -0.826847535636E+01   -0.82685E+01   -0.55352E-12 50424   0.163E-05    0.145E-06
DAV:   2    -0.826847535606E+01    0.30514E-09   -0.20367E-12 48936   0.987E-06    0.211E-07
DAV:   3    -0.826847535579E+01    0.26466E-09   -0.75319E-13 40648   0.406E-06    0.293E-07
DAV:   4    -0.826847535643E+01   -0.64074E-09   -0.37382E-13 39880   0.251E-06
   1 F= -.82684754E+01 E0= -.82683650E+01  d E =-.220742E-03
